q
0 0 595.275 841.89 re
W n
q
/GS0 gs
BX /Sh0 sh EX Q
Q
q
0 841.89 595.276 -841.89 re
W n
q
/GS1 gs
0 TL/Fm0 Do
Q
q
/GS1 gs
0 TL/Fm1 Do
Q
Q
BT
/CS0 cs 1 1 1  scn
/GS2 gs
/T1_0 1 Tf
55 0 0 55 166.521 387.9463 Tm
(Utilizaci\363n )Tj
-0.48 -1.036 Td
(de )Tj
/T1_1 1 Tf
(Gradient)Tj
ET
q
0 841.89 595.276 -841.89 re
W n
q 1 0 0 1 294.5101 484.8785 cm
0 0 m
-0.622 -3.45 l
-0.678 -3.789 -0.905 -3.959 -1.272 -4.015 c
-2.347 -4.213 -4.242 -4.355 -5.74 -4.355 c
-8.936 -4.355 -12.074 -3.308 -12.074 0.509 c
-12.074 0.961 -12.018 1.442 -11.933 1.98 c
-9.247 17.25 l
-9.19 17.56 -8.851 17.815 -8.54 17.815 c
-3.931 17.815 l
-3.648 17.815 -3.478 17.617 -3.478 17.363 c
-3.478 17.25 l
-6.164 1.98 l
-6.193 1.782 -6.221 1.612 -6.221 1.442 c
-6.221 0.792 -5.881 0.566 -5.062 0.566 c
-0.481 0.566 l
-0.198 0.566 0 0.368 0 0.085 c
h
f
Q
q 1 0 0 1 304.9732 502.6936 cm
0 0 m
0.311 0 0.594 -0.085 0.509 -0.566 c
0.028 -3.337 l
-0.028 -3.648 -0.141 -3.902 -0.707 -3.902 c
-5.175 -3.902 l
-5.712 -3.902 -5.769 -3.648 -5.712 -3.337 c
-5.231 -0.566 l
-5.175 -0.255 -4.977 0 -4.468 0 c
h
-1.103 -5.458 m
-0.792 -5.458 -0.509 -5.543 -0.594 -6.052 c
-3.28 -21.294 l
-3.336 -21.604 -3.478 -21.915 -4.015 -21.915 c
-8.229 -21.915 l
-8.54 -21.915 -8.823 -21.802 -8.737 -21.294 c
-6.051 -6.052 l
-5.995 -5.74 -5.797 -5.458 -5.316 -5.458 c
h
f
Q
q 1 0 0 1 314.3333 492.9941 cm
0 0 m
-0.679 0 -1.386 -0.056 -1.951 -0.113 c
-3.308 -7.861 l
-2.771 -7.917 -2.263 -8.002 -1.414 -8.002 c
0.17 -8.002 0.764 -6.928 1.103 -5.09 c
1.499 -2.885 l
1.583 -2.403 1.64 -2.008 1.64 -1.64 c
1.64 -0.565 1.188 0 0 0 c
6.928 -2.885 m
6.532 -5.09 l
5.627 -10.067 3.026 -12.47 -2.206 -12.47 c
-4.75 -12.47 -6.985 -12.074 -8.398 -11.763 c
-9.105 -11.594 -9.388 -11.481 -9.275 -10.858 c
-5.741 9.077 l
-5.684 9.389 -5.373 9.642 -5.062 9.642 c
-0.82 9.642 l
-0.537 9.642 -0.311 9.445 -0.311 9.162 c
-0.311 9.077 l
-1.159 4.298 l
-0.368 4.411 0.085 4.496 0.905 4.496 c
5.09 4.496 7.069 1.895 7.069 -1.329 c
7.069 -1.81 7.013 -2.375 6.928 -2.885 c
f
Q
q 1 0 0 1 339.1615 497.2356 cm
0 0 m
0.395 0 0.735 -0.113 0.65 -0.622 c
-2.065 -15.892 l
-2.121 -16.203 -2.234 -16.457 -2.715 -16.457 c
-6.589 -16.457 l
-6.9 -16.457 -7.154 -16.316 -7.069 -15.892 c
-6.928 -15.156 l
-8.907 -16.457 -10.463 -16.711 -11.452 -16.711 c
-14.704 -16.711 -15.892 -14.534 -15.892 -11.706 c
-15.892 -10.972 -15.807 -10.236 -15.666 -9.444 c
-14.111 -0.622 l
-14.054 -0.311 -13.884 0 -13.404 0 c
-9.162 0 l
-8.794 0 -8.597 -0.17 -8.681 -0.622 c
-10.265 -9.642 l
-10.378 -10.208 -10.463 -10.689 -10.463 -11.056 c
-10.463 -12.046 -10.039 -12.188 -9.134 -12.188 c
-8.285 -12.188 -7.239 -11.848 -6.73 -11.565 c
-4.808 -0.622 l
-4.75 -0.283 -4.581 0 -4.044 0 c
h
f
Q
q 1 0 0 1 353.8381 493.1636 cm
0 0 m
-0.057 -0.339 -0.198 -0.622 -0.65 -0.565 c
-1.47 -0.452 -4.157 -0.113 -5.43 -0.113 c
-5.995 -0.113 -6.589 -0.17 -6.589 -0.65 c
-6.589 -1.018 -6.419 -1.187 -5.571 -1.696 c
-3.789 -2.742 l
-1.386 -4.185 -0.82 -5.57 -0.82 -7.069 c
-0.82 -11.197 -4.27 -12.64 -8.201 -12.64 c
-10.208 -12.64 -12.244 -12.329 -13.46 -11.961 c
-13.828 -11.848 -13.941 -11.65 -13.884 -11.339 c
-13.375 -8.427 l
-13.319 -8.002 -13.149 -7.748 -12.583 -7.832 c
-10.943 -8.059 -8.71 -8.285 -7.776 -8.285 c
-7.098 -8.285 -6.306 -8.172 -6.306 -7.324 c
-6.306 -7.013 -6.447 -6.843 -6.984 -6.532 c
-9.275 -5.175 l
-11.367 -3.93 -12.103 -2.63 -12.103 -0.961 c
-12.103 3.252 -8.681 4.327 -5.062 4.327 c
-2.885 4.327 -1.188 3.987 0.084 3.619 c
0.424 3.507 0.594 3.393 0.537 2.998 c
h
f
Q
0.894 0 0.302  scn
q 1 0 0 1 259.1832 481.7454 cm
0 0 m
-4.418 -2.55 -10.068 -1.037 -12.618 3.381 c
-15.169 7.799 -13.655 13.449 -9.237 16 c
-4.819 18.55 0.83 17.037 3.381 12.618 c
5.932 8.2 4.418 2.551 0 0 c
-9.056 26.771 m
-17.671 21.797 -20.761 10.932 -16.182 2.202 c
-16.067 1.978 -15.946 1.755 -15.818 1.534 c
-11.737 -5.535 -2.698 -7.957 4.371 -3.876 c
11.184 0.058 13.678 8.595 10.196 15.537 c
10.196 15.54 10.196 15.544 10.194 15.547 c
9.975 15.981 10.132 16.515 10.558 16.762 c
15.361 19.535 l
15.801 19.789 15.953 20.352 15.701 20.793 c
10.398 29.019 -0.487 31.718 -9.056 26.771 c
f*
Q
Q
